0 0 131071
0 0 131071
36569 13320 49888
13245 4362 17606
39911 13416 53326
44319 8047 52365
50837 1845 52681
49089 44029 93117
2363 6441 8803
45848 52382 98229
39760 7936 47695
62656 26686 89341
35181 55293 90473
26273 52541 78813
19695 2332 22026
21402 8701 30102
49589 17106 66694
48389 43816 92204
2255 53412 55666
23742 30366 54107
48385 28743 77127
53592 50620 104211
62667 52800 115466
53711 42491 96201
10440 24007 34446
49322 7985 57306
51237 53748 104984
56191 3455 59645
62676 53046 115721
33676 39695 73370
33743 49101 82843
18734 37992 56725
55524 28241 83764
38677 26537 65213
1702 27873 29574
39611 39919 79529
62718 50977 113694
17972 46378 64349
59439 44746 104184
22586 3900 26485
1533 43718 45250
12919 24707 37625
2786 17470 20255
30940 15449 46388
28256 50250 78505
20946 60380 81325
57082 2747 59828
16441 32013 48453
62842 64565 127406
51124 28074 79197
61239 4607 65845
25107 46612 71718
31359 10317 41675
699 16653 17351
12855 31559 44413
26944 36780 63723
56702 24209 80910
3196 38847 42042
57087 40745 97831
14266 27030 41295
8813 62511 71323
18687 16696 35382
23361 49491 72851
5565 17350 22914
58657 22465 81121
45085 13013 58097
48316 25659 73974
9744 24835 34578
25101 17051 42151
22616 59550 82165
44582 51762 96343
40768 42174 82941
18322 150 18471
20324 57718 78041
64334 24399 88732
29703 59496 89198
63905 49253 113157
3478 32540 36017
51616 24889 76504
10512 63600 74111
20763 4849 25611
53363 23066 76428
32108 52897 85004
1462 32289 33750
56515 31029 87543
40388 53957 94344
46044 58240 104283
45207 55479 100685
63484 32658 96141
25316 15312 40627
23294 5993 29286
7533 56462 63994
20708 45810 66517
61578 58969 120546
17272 16500 33771
46663 16949 63611
13360 35042 48401
44200 38058 82257
8096 10139 18234
8980 29869 38848
7624 64408 72031
17713 51116 68828
37857 41443 79299
51624 20972 72595
38124 50833 88956
10144 6477 16620
51972 36166 88137
42698 41131 83828
5594 12786 18379
65233 3161 68393
62667 44176 106842
18616 56451 75066
11444 5685 17128
44422 2931 47352
57419 63990 121408
38213 17902 56114
17694 43053 60746
47563 55345 102907
5217 8086 13302
974 11430 12403
6989 58117 65105
32764 55860 88623
33378 28734 62111
43842 20434 64275
6210 38282 44491
25350 8232 33581
41760 26622 68381
37866 34816 72681
54960 25158 80117
46850 47155 94004
59941 55817 115757
22824 9920 32743
16773 62886 79658
12795 56243 69037
57015 37160 94174
54828 58065 112892
43553 46373 89925
30150 11644 41793
27474 63538 91011
22523 45773 68295
7650 21489 29138
26201 11469 37669
18127 16256 34382
65019 4881 69899
6016 33322 39337
35138 10723 45860
8301 16906 25206
39309 1656 40964
5144 16779 21922
25746 11831 37576
25033 21931 46963
57028 60438 117465
60380 57447 117826
43486 61953 105438
4612 23712 28323
10443 22459 32901
732 42164 42895
19991 51195 71185
34228 50891 85118
16014 18995 35008
46593 10007 56599
46568 64228 110795
31650 62734 94383
53605 55826 109430
5071 21389 26459
41839 54442 96280
57327 48449 105775
65524 63162 128685
45060 51683 96742
62512 59438 121949
22149 27590 49738
12452 50010 62461
26106 29974 56079
43845 47604 91448
61582 34956 96537
11174 10748 21921
13231 36264 49494
55088 51484 106571
41262 36571 77832
8489 29871 38359
61005 23155 84159
19020 59213 78232
51222 44495 95716
14182 8143 22324
10059 33959 44017
63140 41159 104298
12570 59666 72235
18842 6277 25118
33530 17481 51010
62461 53743 116203
13778 27787 41564
842 17593 18434
34380 9933 44312
58818 16605 75422
58184 47852 106035
58590 55227 113816
38025 33333 71357
54560 46991 101550
3216 54401 57616
32056 43042 75097
41485 12931 54415
34184 33241 67424
41835 7092 48926
8146 43335 51480
49810 41953 91762
39472 10501 49972
29175 57272 86446
37099 1980 39078
46777 57425 104201
23274 42276 65549
29894 63894 93787
52531 27607 80137
2012 3655 5666
7303 58747 66049
7813 56428 64240
12875 60866 73740
29771 62385 92155
9836 19081 28916
22840 15677 38516
20302 14906 35207
10066 54457 64522
56361 53494 109854
48600 23331 71930
57581 33942 91522
29516 26962 56477
60203 27670 87872
21937 32502 54438
60649 35294 95942
10686 47259 57944
52429 22735 75163
13955 12683 26637
8517 17774 26290
22575 35329 57903
14067 24416 38482
20220 43855 64074
30013 36140 66152
57261 9141 66401
40461 58566 99026
26116 30172 56287
47286 19802 67087
37958 25598 63555
53929 5763 59691
7136 11573 18708
57853 23299 81151
5120 56281 61400
50726 48961 99686
5851 12478 18328
65195 43382 108576
10127 12455 22581
48254 28950 77203
1543 9222 10764
20770 11170 31939
49933 38150 88082
32074 5845 37918
31632 59104 90735
47449 32712 80160
53515 54648 108162
11390 14349 25738
41709 29892 71600
56126 11477 67602
23158 12355 35512
6414 55736 62149
29148 52391 81538
62277 29309 91585
8968 17539 26506
45869 55987 101855
58632 36904 95535
21016 58168 79183
42929 61519 104447
56637 51206 107842
3988 63634 67621
38355 4615 42969
44119 55611 99729
48979 6599 55577
64430 54417 118846
16440 50495 66934
22311 59260 81570
52271 16068 68338
14569 64322 78890
64803 50151 114953
13102 33538 46639
21540 14950 36489
9690 46060 55749
54518 5813 60330
41883 41393 83275
24192 45740 69931
3130 63681 66810
1104 21600 22703
7133 61864 68996
45812 8292 54103
16413 63894 80306
42300 52216 94515
46358 24842 71199
58669 43130 101798
28922 34094 63015
54984 57070 112053
49081 22103 71183
52127 35013 87139
42939 5377 48315
54892 39392 94283
47160 3714 50873
10844 2720 13563
11635 12078 23712
46262 14548 60809
4907 59836 64742
17624 5259 22882
8035 1898 9932
62984 35676 98659
49719 1722 51440
40548 32913 73460
56900 55034 111933
64266 559 64824
18575 2330 20904
59502 32738 92239
55450 26688 82137
16341 56243 72583
60946 60527 121472
50506 31852 82357
44639 23072 67710
63972 21561 85532
40552 22464 63015
45058 14220 59277
42744 6503 49246
57384 44591 101974
13605 19696 33300
61033 44302 105334
50267 12190 62456
19281 53462 72742
31684 27628 59311
45338 59453 104790
41670 33219 74888
159 20772 20930
56694 18730 75423
21741 51332 73072
6799 60493 67291
35880 63827 99706
1944 43767 45710
59892 7265 67156
26273 21931 48203
21797 58594 80390
19025 26487 45511
11393 8247 19639
14718 23793 38510
16256 44768 61023
17787 3098 20884
41412 35406 76817
34343 10764 45106
61627 9082 70708
5649 50833 56481
3066 22723 25788
59901 53761 113661
59629 56671 116299
54334 54526 108859
23686 46128 69813
63322 61397 124718
25962 26550 52511
1964 34966 36929
48458 14617 63074
45445 56511 101955
60468 62459 122926
17766 60384 78149
25309 28890 54198
21679 26496 48174
13415 39573 52987
43775 34506 78280
64444 1140 65583
60607 25462 86068
43782 26915 70696
43372 30823 74194
9009 44111 53119
53470 1235 54704
18350 45363 63712
3652 4005 7656
8668 16622 25289
4811 18207 23017
24023 43960 67982
22767 4491 27257
12680 33782 46461
4119 51804 55922
43453 46924 90376
54421 29189 83609
38694 14835 53528
37986 34763 72748
65012 25239 90250
53172 40881 94052
15873 23116 38988
13880 12061 25940
8937 28476 37412
24290 23665 47954
34527 37136 71662
13720 63517 77236
7966 49322 57287
28398 49933 78330
4441 19840 24280
9291 62388 71678
22745 22250 44994
1577 54055 55631
25522 22731 48252
14935 48048 62982
15586 27659 43244
15062 20056 35117
6099 35294 41392
21245 17231 38475
58704 29271 87974
7743 7177 14919
46080 53530 99609
42119 65261 107379
62375 11663 74037
30505 3326 33830
57060 24874 81933
49652 65139 114790
37803 4678 42480
31517 14424 45940
20491 21205 41695
30832 31779 62610
12443 48663 61105
15669 16582 32250
47755 36583 84337
22930 3608 26537
60228 52393 112620
57142 42886 100027
23013 41541 64553
14492 51927 66418
6598 58589 65186
17505 43491 60995
52552 25205 77756
40558 22249 62806
8659 63979 72637
39745 13283 53027
26789 17183 43971
6094 25205 31298
52336 59763 112098
31229 58652 89880
3399 25332 28730
29314 50174 79487
4663 55755 60417
41975 15052 57026
12279 8996 21274
38953 12594 51546
42091 14361 56451
34660 27748 62407
57650 17909 75558
10088 14543 24630
59259 4333 63591
32407 49663 82069
15534 58129 73662
20121 33616 53736
45885 20990 66874
43862 20444 64305
5785 48421 54205
41867 5818 47684
45296 17073 62368
51584 40106 91689
7399 42991 50389
64825 65509 130333
25131 26029 51159
21987 9418 31404
29994 52464 82457
47803 26263 74065
24245 7466 31710
43532 7879 51410
42364 25249 67612
28378 37948 66325
22502 22890 45391
6583 9667 16249
27033 10918 37950
53135 1660 54794
29472 34859 64330
15773 11846 27618
3434 13525 16958
52879 17826 70704
62567 18410 80976
38934 47803 86736
55557 10152 65708
60507 62378 122884
7458 57074 64531
724 64078 64801
65170 18013 83182
50829 23277 74105
53569 46692 100260
58175 56532 114706
43444 12024 55467
34894 58395 93288
14188 4303 18490
26244 18651 44894
35138 53024 88161
6275 60827 67101
27018 29851 56868
37844 11215 49058
49195 44694 93888
36013 57909 93921
53452 47572 101023
14636 19857 34492
41548 37683 79230
8036 4447 12482
21449 27418 48866
50935 11290 62224
8684 33650 42333
10356 24009 34364
19509 13661 33169
40084 6774 46857
20175 58033 78207
56504 25738 82241
15219 24901 40119
63149 47798 110946
14051 20004 34054
11232 38911 50142
2030 49984 52013
20095 43143 63237
54459 35386 89844
49975 27707 77681
26324 34762 61085
35808 11095 46902
54377 22046 76422
6016 36392 42407
18550 56969 75518
1266 53989 55254
39143 43456 82598
51825 39043 90867
40100 37723 77822
16656 33344 49999
55711 63315 119025
6918 47317 54234
29471 37965 67435
49220 50694 99913
12226 50906 63131
58880 48157 107036
27901 21166 49066
3600 3520 7119
42907 24001 66907
28635 58553 87187
9729 35927 45655
13838 5762 19599
10684 25165 35848
20181 45492 65672
47380 2725 50104
13626 392 14017
46999 30279 77277
36703 12236 48938
55269 26500 81768
16794 29748 46541
13 64026 64038
54144 20620 74763
55376 56404 111779
32096 55882 87977
52507 27461 79967
56943 48044 104986
64148 25863 90010
530 11211 11740
50976 17880 68855
59818 53842 113659
51978 39125 91102
10696 34100 44795
25570 10658 36227
26763 20817 47579
8953 13883 22835
14122 32509 46630
61227 59859 121085
9072 5680 14751
38284 7400 45683
8220 20144 28363
3629 5994 9622
38174 33313 71486
15501 28336 43836
18193 11096 29288
63427 34047 97473
24198 51765 75962
33885 41317 75201
53481 16882 70362
38556 36204 74759
45094 49122 94215
41967 11155 53121
22496 22681 45176
50634 38876 89509
30161 28561 58721
53946 24610 78555
32778 41962 74739
47112 39188 86299
51257 904 52160
57931 12533 70463
23595 42761 66355
29523 63231 92753
42751 8966 51716
36147 42752 78898
20034 7193 27226
966 28371 29336
31323 60528 91850
14911 24574 39484
52740 62392 115131
13036 43009 56044
53947 24635 78581
32130 23771 55900
20510 3888 24397
22110 9659 31768
22307 49740 72046
47793 14816 62608
28815 844 29658
3530 20459 23988
17655 15921 33575
3105 63826 66930
10682 4003 14684
38786 52297 91082
14361 51035 65395
53510 52194 105703
56737 14560 71296
3289 9908 13196
19789 18377 38165
20804 15632 36435
25350 10427 35776
58613 40964 99576
58816 17675 76490
54066 52013 106078
54056 65500 119555
70 29338 29407
44491 22855 67345
18339 3651 21989
22147 39158 61304
37213 21808 59020
35552 37755 73306
9023 12214 21236
45841 54505 100345
22268 25650 47917
14486 19579 34064
18229 43114 61342
10315 46787 57101
6448 22700 29147
38869 60420 99288
39852 13179 53030
23113 4538 27650
27020 23617 50636
15284 17307 32590
4039 30078 34116
61909 19253 81161
52543 62979 115521
14517 50832 65348
33057 49074 82130
8316 11677 19992
5688 444 6131
60404 59956 120359
52525 53001 105525
38764 59840 98603
29662 45253 74914
7570 9697 17266
7040 44457 51496
63578 17246 80823
53264 28035 81298
26728 35741 62468
17654 7669 25322
63951 61482 125432
12867 34737 47603
63154 4154 67307
49286 20591 69876
12259 52852 65110
16293 6665 22957
27121 46016 73136
690 56378 57067
19506 18915 38420
935 37849 38783
44627 51482 96108
60999 48855 109853
23617 55903 79519
63444 2730 66173
56085 35034 91118
60435 14288 74722
59761 50610 110370
55593 44805 100397
6227 37338 43564
42907 26334 69240
24649 31904 56552
36729 4548 41276
45086 18299 63384
25278 48928 74205
57463 54849 112311
13101 32790 45890
27550 10860 38409
17625 30089 47713
26274 60373 86646
27589 1170 28758
32357 26919 59275
64873 19962 84834
29389 10325 39713
24356 46023 70378
49422 13609 63030
52409 17431 69839
53910 43505 97414
61165 61085 122249
53833 47713 101545
2564 41767 44330
50630 1891 52520
53418 46295 99712
10774 61521 72294
31306 29326 60631
18579 43053 61631
47081 43949 91029
62533 27136 89668
23225 31658 54882
63662 53074 116735
41471 7084 48554
54051 21003 75053
30419 63793 94211
14330 39945 54274
37883 32693 70575
15817 29930 45746
42743 42605 85347
57119 34617 91735
15423 34843 50265
24642 63499 88140
26638 15855 42492
51700 28610 80309
58004 48465 106468
4825 7285 12109
29004 42025 71028
913 39628 40540
58888 1396 60283
8169 14931 23099
48672 34526 83197
15978 19956 35933
25576 29678 55253
3573 1469 5041
48328 18451 66778
23490 9830 33319
42744 46010 88753
34135 47823 81957
7921 61403 69323
16369 16103 32471
7191 20093 27283
8638 9189 17826
52342 19793 72134
60998 55507 116504
40349 16648 56996
24155 15448 39602
31324 6185 37508
54397 85 54481
4227 39979 44205
43484 38820 82303
45832 9950 55781
1184 58910 60093
44064 15696 59759
61404 37130 98533
1451 21759 23209
36840 28348 65187
30696 34053 64748
56351 29928 86278
31767 44292 76058
54172 23107 77278
62623 60062 122684
55863 37152 93014
5250 54593 59842
20823 42864 63686
56540 56942 113481
52000 34511 86510
38661 20529 59189
13403 30277 43679
55149 35678 90826
8411 36480 44890
64958 48300 113257
63752 36113 99864
18438 21979 40416
40915 51460 92374
30946 21788 52733
43888 24903 68790
28595 63359 91953
11158 56215 67372
2699 48692 51390
35 14908 14942
4168 46914 51081
52407 47794 100200
50344 15398 65741
53742 41092 94833
62502 42976 105477
34522 57738 92259
4413 24669 29081
50506 55242 105747
48123 21469 69591
48895 32890 81784
29756 49787 79542
48225 9174 57398
58202 44194 102395
56923 50922 107844
42957 63043 105999
64831 28338 93168
9146 33871 43016
49567 65009 114575
35510 64672 100181
36395 54151 90545
25191 27428 52618
24745 12896 37640
38537 45827 84363
57264 38488 95751
25112 571 25682
40467 11919 52385
42898 24185 67082
1586 53507 55092
670 39458 40127
7029 29520 36548
35175 54142 89316
25680 60085 85764
62815 43820 106634
1872 36885 38756
38887 24045 62931
9223 9548 18770
3238 2489 5726
44092 63836 107927
50281 14259 64539
28150 17725 45874
38441 19797 58237
50380 38578 88957
51570 33683 85252
6157 8562 14718
41845 24038 65882
8005 6901 14905
49140 743 49882
33585 4048 37632
58975 55204 114178
12944 49073 62016
59890 42440 102329
35456 23277 58732
42084 6979 49062
39438 47049 86486
29587 9619 39205
1282 19585 20866
24019 57817 81835
37309 18408 55716
14211 62869 77079
1787 36262 38048
14292 8334 22625
41049 19446 60494
8680 50678 59357
26651 36292 62942
15815 49621 65435
19073 34900 53972
55673 36344 92016
40424 31094 71517
22288 15104 37391
3155 49990 53144
49403 43462 92864
7907 50185 58091
40565 11253 51817
20103 6696 26798
31271 42962 74232
55149 35506 90654
43409 54910 98318
57183 57823 115005
45400 24236 69635
45960 52303 98262
61997 64849 126845
44655 52901 97555
64017 10891 74907
22503 33860 56362
12983 795 13777
4534 44126 48659
21168 142 21309
22372 40587 62958
25287 3528 28814
53905 5631 59535
19401 4925 24325
58527 44307 102833
33050 60766 93815
53227 57427 110653
62783 52181 114963
34926 45371 80296
64341 14912 79252
56686 45257 101942
7962 46067 54028
51750 15804 67553
10014 51014 61027
37723 14653 52375
42915 10881 53795
29631 19777 49407
44211 7824 52034
12280 44718 56997
44162 9622 53783
43219 19889 63107
20257 63549 83805
52424 58246 110669
20315 46500 66814
4499 24761 29259
55505 58351 113855
540 52629 53168
12314 6598 18911
42879 60830 103708
61610 58611 120220
4046 27690 31735
24496 22775 47270
9749 25064 34812
32439 25821 58259
42112 11101 53212
38885 32459 71343
45253 50931 96183
11500 53597 65096
1276 37290 38565
12693 45316 58008
47476 49523 96998
7974 1251 9224
50478 20686 71163
30383 53511 83893
18352 37330 55681
51892 51764 103655
49943 48619 98561
65027 62182 127208
12858 57288 70145
35159 54437 89595
6849 16726 23574
31824 39886 71709
42168 34488 76655
56803 977 57779
60442 2550 62991
22028 23620 45647
32534 59298 91831
9844 31412 41255
63169 2847 66015
46391 43634 90024
46594 33873 80466
41396 19610 61005
29179 21155 50333
27627 35733 63359
10738 28598 39335
51787 8949 60735
34112 30394 64505
25846 12643 38488
40590 20622 61211
46094 62001 108094
5880 22691 28570
6364 10630 16993
9615 55583 65197
27320 16279 43598
47496 65359 112854
5784 7132 12915
3415 21798 25212
5935 13199 19133
53974 54644 108617
45363 47745 93107
14834 2501 17334
6697 57730 64426
64331 17040 81370
63181 61860 125040
9908 21755 31662
33293 40664 73956
61929 9187 71115
25986 4684 30669
22838 55812 78649
36013 58711 94723
10440 9214 19653
57405 528 57932
39628 56754 96381
49144 52440 101583
35900 61281 97180
55754 21479 77232
15522 19280 34801
27644 10518 38161
37530 63773 101302
32998 58740 91737
49161 30666 79826
31364 8141 39504
40812 28104 68915
15108 10256 25363
4320 32037 36356
47282 27523 74804
53941 33247 87187
47073 26427 73499
56822 34847 91668
57384 4340 61723
2328 45534 47861
2523 33801 36323
5187 50126 55312
16380 12873 29252
10812 28229 39040
6484 29598 36081
45883 7327 53209
40358 52789 93146
7841 4148 11988
55176 32086 87261
6339 39574 45912
54312 18031 72342
16611 49554 66164
64786 61470 126255
39643 61887 101529
36734 26905 63638
59911 21301 81211
28462 11474 39935
42480 37030 79509
24440 8549 32988
32693 6119 38811
60730 27705 88434
65448 52429 117876
60316 57669 117984
7245 11286 18530
11162 59920 71081
8498 48098 56595
21452 56719 78170
49406 24874 74279
6304 27363 33666
5276 22380 27655
30306 33450 63755
37235 25505 62739
7454 52812 60265
26135 41977 68111
3685 57042 60726
8785 27991 36775
34336 59693 94028
48316 56130 104445
56856 50499 107354
